0,273
0,270
10,19
10,161
10,9
10,229
10,77
10,245
10,193
10,2
10,3
11,7
9,5
9,7
9,2
9,3
8,12
8,14
8,6
8,8
8,18
8,10
71,4
71,3
71,1
69,3
69,1
68,3
68,1
66,4
66,3
66,1
61,5
61,4
61,3
61,2
61,1
61,0
59,3
59,2
59,1
59,0
58,3
58,2
58,1
58,0
57,5
57,4
57,3
57,2
57,1
57,0
48,3
48,2
48,1
20,3
20,2
20,1
19,3
19,2
19,1
18,3
18,1
14,3
14,1
13,3
13,1
12,3
12,2
12,1
11,29
11,27
11,25
11,23
11,22
11,21
11,19
11,18
11,16
11,15
11,13
11,11
11,10
11,9
11,5
11,4
11,3
11,2
11,1
10,307
10,292
10,273
10,261
10,257
10,233
10,232
10,225
10,223
10,211
10,209
10,203
10,192
10,177
10,162
10,151
10,149
10,130
10,107
10,105
10,92
10,1
10,72
9,6
9,1
